@ zn1:
P = 30.59602649
p=27.53642384 i=1.65
-> p=36.71523179 i=1 d=0.25 check

pot = 0.67
ts = 0.346
tr = 10.42

@ cohen:
p=30.61810155
p=27.5419426 i=1.659047391
-> p=40.81125828 i=1.229630861 d=0.1817466562 check

pot = 0.8
ts = 0.311
tr = 18.133

@ zieg2
ku = 0.95
tu = 40.165
*kp = 0.432
*ti = 33.47
ki = 0.013

*pot = 0.231
*tr = 35.93
*ts = 244

p=0.5588235294
ti=20.0825/2        0.5588235294/ti
td=5.020625	0.5588235294*5.020626
